image_width: 640
image_height: 480
camera_name: narrow_stereo/left
camera_matrix:
  rows: 3
  cols: 3
  data: [435.226052, 0.000000, 329.098525, 0.000000, 435.554336, 240.686882, 0.000000, 0.000000, 1.000000]
distortion_model: plumb_bob
distortion_coefficients:
  rows: 1
  cols: 5
  data: [-0.310193, 0.104774, 0.000073, -0.000590, 0.000000]
rectification_matrix:
  rows: 3
  cols: 3
  data: [0.999931, -0.004667, -0.010799, 0.004641, 0.999986, -0.002405, 0.010810, 0.002355, 0.999939]
projection_matrix:
  rows: 3
  cols: 4
  data: [402.870240, 0.000000, 320.973385, 0.000000, 0.000000, 402.870240, 236.947220, 0.000000, 0.000000, 0.000000, 1.000000, 0.000000]
