# oST version 5.0 parameters


[image]

width
640

height
480

[narrow_stereo/left]

camera matrix
435.226052 0.000000 329.098525
0.000000 435.554336 240.686882
0.000000 0.000000 1.000000

distortion
-0.310193 0.104774 0.000073 -0.000590 0.000000

rectification
0.999931 -0.004667 -0.010799
0.004641 0.999986 -0.002405
0.010810 0.002355 0.999939

projection
402.870240 0.000000 320.973385 0.000000
0.000000 402.870240 236.947220 0.000000
0.000000 0.000000 1.000000 0.000000

# oST version 5.0 parameters


[image]

width
640

height
480

[narrow_stereo/right]

camera matrix
433.554983 0.000000 298.354731
0.000000 434.316576 232.626909
0.000000 0.000000 1.000000

distortion
-0.301011 0.095768 0.000544 0.000739 0.000000

rectification
0.999892 -0.006014 -0.013381
0.006046 0.999979 0.002340
0.013367 -0.002421 0.999908

projection
402.870240 0.000000 320.973385 -78.630000
0.000000 402.870240 236.947220 0.000000
0.000000 0.000000 1.000000 0.000000

